116445
116665
116804
117238
117259
117723
117724
117725
117726
117727
117728
117729
117730
117731
117732
117733
117734
117855
118205
118206
118209
118210
118211
118212
118213
118214
118215
118216
118217
118218
118219
118220
118221
118222
118223
118224
118225
118226
118227
118228
118229
118230
118232
118283
118284
118285
118310
118316
118550
118551
118552
118553
118554
118555
118556
118557
118558
118559
118560
118561
118606
118639
118736
118772
118805
118806
118807
118808
118809
118810
118811
118812
118813
118814
118815
118816
118817
118818
118819
118820
118821
118822
118823
118824
118825
118826
118827
118828
118829
118835
118881
119204
119826
120223
120228
120300
120366
120513
120755
120801
120929
121284
121991
122270
122288
122370
122438
122439
122440
122441
122442
122443
122444
122445
122446
122447
122448
122449
122450
122451
122452
122453
122803
122805
122812
123123
123277
123366
123374
123631
123657
123690
123699
123735
123753
123845
123863
123864
123865
123866
123867
123868
123869
123870
123871
123872
123873
123874
124136
124199
124213
124441
124442
124443
124444
124445
124446
124447
124448
124449
124450
124451
124452
124453
124454
124455
124456
124457
124458
124459
124460
124461
124462
124463
124464
124465
124466
124472
124489
124561
127540
127541
127542
128550
128574
128639
128981
129668
129854
130273
130344
130346
130348
130422
130788
131068
131070
131117
131701
131799
132290
132327
132366
132383
132384
132385
132487
132513
132698
132778
132779
132780
132781
132782
132783
132784
132785
132786
132787
132788
132789
132790
132791
132792
132793
132794
132795
132796
132797
132798
132799
132800
132801
132802
132894
132971
133898
133998
133999
134000
134007
134036
134037
134038
134039
134040
134041
134042
134043
134046
134095
134109
134181
134297
134482
134496
134562
134707
134761
135278
135313
135385
136053
136246
136247
136248
136249
136250
136251
136252
136253
136254
136255
136256
136257
136258
136259
136260
136261
136262
136263
136264
136265
136266
136267
136268
136269
136270
136271
136272
136273
136274
136275
136276
136277
136278
136279
136280
136281
136282
136283
136284
136285
136286
136287
136288
136289
136290
136291
136292
136293
136294
136295
136296
136297
136298
136299
136300
136301
136302
136303
136304
136305
136306
136307
136308
136309
136310
136311
136312
136313
136314
136315
136316
136317
136318
136319
136320
136321
136322
136323
136324
136325
136326
136327
136328
136329
136330
136536
136851
137448
137547
137754
137756
137762
137871
137999
138013
138081
138116
138209
138245
138278
138472
138549
138635
138830
138876
138978
139025
139085
139180
139335
139632
139735
140065
140134
140766
140888
141268
141481
141482
141483
141484
141485
141486
141487
141488
141489
141490
141491
141492
141550
141961
141969
142094
142097
142142
142164
142664
